"","Id","Elevation","Aspect","Slope","Horizontal_Distance_To_Hydrology","Vertical_Distance_To_Hydrology","Horizontal_Distance_To_Roadways","Hillshade_9am","Hillshade_Noon","Hillshade_3pm","Horizontal_Distance_To_Fire_Points"
"Id",1,0.185495885029924,0.017701523401904,-0.0201680040320042,0.0996368878084257,0.0553475941116459,-0.0330281629732685,0.000786253210847599,0.0731229657562601,0.0425241825154853,-0.0687386808459587
"Elevation",0.185495885029924,1,-0.0110960521712426,-0.312639501864328,0.412711520298253,0.122091603208849,0.578658990734007,0.0979002043303899,0.215782048673423,0.0895175801298997,0.443563430759748
"Aspect",0.017701523401904,-0.0110960521712426,1,0.028147985303199,0.0407321196986712,0.0564123411373618,0.0661841935163584,-0.593997428131315,0.324912289258396,0.635022364019872,-0.0521691840821604
"Slope",-0.0201680040320042,-0.312639501864328,0.028147985303199,1,-0.0559759341440019,0.265313976154014,-0.277048753922208,-0.200072122312423,-0.612612872417285,-0.326887035264272,-0.239527219656476
"Horizontal_Distance_To_Hydrology",0.0996368878084257,0.412711520298253,0.0407321196986712,-0.0559759341440019,1,0.652142471235739,0.203397007783554,-0.0338026777267949,0.0800471976266796,0.0808325419197836,0.158816929577252
"Vertical_Distance_To_Hydrology",0.0553475941116459,0.122091603208849,0.0564123411373618,0.265313976154014,0.652142471235739,1,0.0115549787444996,-0.0959299175191513,-0.132948273528241,-0.0355590616233315,-0.0150483272324931
"Horizontal_Distance_To_Roadways",-0.0330281629732685,0.578658990734007,0.0661841935163584,-0.277048753922208,0.203397007783554,0.0115549787444996,1,-0.00339802573504751,0.240683844421407,0.173881997138064,0.486385645058747
"Hillshade_9am",0.000786253210847599,0.0979002043303899,-0.593997428131315,-0.200072122312423,-0.0338026777267949,-0.0959299175191513,-0.00339802573504751,1,-0.0137123844607901,-0.779964742447545,0.0781441216375247
"Hillshade_Noon",0.0731229657562601,0.215782048673423,0.324912289258396,-0.612612872417285,0.0800471976266796,-0.132948273528241,0.240683844421407,-0.0137123844607901,1,0.614526387247575,0.122097741586919
"Hillshade_3pm",0.0425241825154853,0.0895175801298997,0.635022364019872,-0.326887035264272,0.0808325419197836,-0.0355590616233315,0.173881997138064,-0.779964742447545,0.614526387247575,1,0.0431624709215913
"Horizontal_Distance_To_Fire_Points",-0.0687386808459587,0.443563430759748,-0.0521691840821604,-0.239527219656476,0.158816929577252,-0.0150483272324931,0.486385645058747,0.0781441216375247,0.122097741586919,0.0431624709215913,1
